100
2040 1.0 0.0 0.0

20 1.0 1.0 1.0
80 1.0 0.0 0.0
20 1.0 1.0 1.0
80 1.0 0.0 0.0
20 1.0 1.0 1.0
80 1.0 0.0 0.0
20 1.0 1.0 1.0
80 1.0 0.0 0.0
20 1.0 1.0 1.0
80 1.0 0.0 0.0
20 1.0 1.0 1.0
80 1.0 0.0 0.0
20 1.0 1.0 1.0
80 1.0 0.0 0.0
20 1.0 1.0 1.0
80 1.0 0.0 0.0
20 1.0 1.0 1.0
80 1.0 0.0 0.0
20 1.0 1.0 1.0
80 1.0 0.0 0.0
20 1.0 1.0 1.0
80 1.0 0.0 0.0
20 1.0 1.0 1.0
80 1.0 0.0 0.0
20 1.0 1.0 1.0
80 1.0 0.0 0.0
20 1.0 1.0 1.0
80 1.0 0.0 0.0
20 1.0 1.0 1.0
80 1.0 0.0 0.0
20 1.0 1.0 1.0
80 1.0 0.0 0.0
20 1.0 1.0 1.0
80 1.0 0.0 0.0
20 1.0 1.0 1.0
80 1.0 0.0 0.0
20 1.0 1.0 1.0
80 1.0 0.0 0.0

20 1.0 1.0 1.0
60 1.0 0.0 0.0

60 1.0 1.0 1.0
40 1.0 0.0 0.0
60 1.0 1.0 1.0
40 1.0 0.0 0.0
60 1.0 1.0 1.0
40 1.0 0.0 0.0
60 1.0 1.0 1.0
40 1.0 0.0 0.0
60 1.0 1.0 1.0
40 1.0 0.0 0.0
60 1.0 1.0 1.0
40 1.0 0.0 0.0
60 1.0 1.0 1.0
40 1.0 0.0 0.0
60 1.0 1.0 1.0
40 1.0 0.0 0.0
60 1.0 1.0 1.0
40 1.0 0.0 0.0
60 1.0 1.0 1.0
40 1.0 0.0 0.0
60 1.0 1.0 1.0
40 1.0 0.0 0.0
60 1.0 1.0 1.0
40 1.0 0.0 0.0
60 1.0 1.0 1.0
40 1.0 0.0 0.0
60 1.0 1.0 1.0
40 1.0 0.0 0.0
60 1.0 1.0 1.0
40 1.0 0.0 0.0
60 1.0 1.0 1.0
40 1.0 0.0 0.0
60 1.0 1.0 1.0
40 1.0 0.0 0.0
60 1.0 1.0 1.0
40 1.0 0.0 0.0
60 1.0 1.0 1.0
40 1.0 0.0 0.0

60 1.0 1.0 1.0
60 1.0 0.0 0.0

20 1.0 1.0 1.0
80 1.0 0.0 0.0
20 1.0 1.0 1.0
80 1.0 0.0 0.0
20 1.0 1.0 1.0
80 1.0 0.0 0.0
20 1.0 1.0 1.0
80 1.0 0.0 0.0
20 1.0 1.0 1.0
80 1.0 0.0 0.0
20 1.0 1.0 1.0
80 1.0 0.0 0.0
20 1.0 1.0 1.0
80 1.0 0.0 0.0
20 1.0 1.0 1.0
80 1.0 0.0 0.0
20 1.0 1.0 1.0
80 1.0 0.0 0.0
20 1.0 1.0 1.0
80 1.0 0.0 0.0
20 1.0 1.0 1.0
80 1.0 0.0 0.0
20 1.0 1.0 1.0
80 1.0 0.0 0.0
20 1.0 1.0 1.0
80 1.0 0.0 0.0
20 1.0 1.0 1.0
80 1.0 0.0 0.0
20 1.0 1.0 1.0
80 1.0 0.0 0.0
20 1.0 1.0 1.0
80 1.0 0.0 0.0
20 1.0 1.0 1.0
80 1.0 0.0 0.0
20 1.0 1.0 1.0
80 1.0 0.0 0.0
20 1.0 1.0 1.0
80 1.0 0.0 0.0

20 1.0 1.0 1.0
2040 1.0 0.0 0.0